# Created by Octave 3.8.1, Mon May 09 04:49:42 2016 EDT <rohan@rohan-MacBookPro>
# name: deviceNum
# type: matrix
# rows: 219
# columns: 1
 1
 1
 1
 1
 1
 1
 1
 1
 1
 1
 1
 1
 1
 1
 1
 1
 1
 1
 1
 1
 1
 1
 1
 1
 1
 1
 1
 1
 1
 1
 1
 1
 1
 1
 1
 1
 1
 1
 1
 1
 1
 1
 1
 1
 1
 1
 1
 1
 1
 1
 1
 1
 1
 1
 1
 1
 1
 1
 1
 1
 1
 1
 1
 1
 1
 1
 1
 1
 1
 1
 1
 1
 1
 1
 1
 1
 1
 1
 1
 1
 1
 1
 1
 1
 1
 1
 1
 1
 1
 1
 1
 1
 1
 1
 1
 1
 1
 1
 1
 1
 1
 1
 1
 1
 1
 1
 1
 1
 1
 1
 1
 1
 1
 1
 1
 1
 1
 3
 3
 3
 3
 3
 3
 3
 3
 3
 3
 3
 3
 3
 3
 3
 3
 3
 3
 3
 3
 3
 3
 3
 3
 3
 3
 3
 3
 3
 3
 3
 3
 3
 3
 3
 3
 3
 3
 3
 3
 3
 3
 3
 3
 3
 3
 5
 5
 5
 5
 5
 5
 5
 5
 5
 5
 5
 5
 5
 5
 5
 5
 5
 5
 5
 5
 5
 5
 5
 5
 5
 5
 5
 5
 7
 7
 7
 7
 7
 7
 7
 7
 7
 7
 7
 7
 7
 7
 7
 7
 7
 7
 7
 7
 7
 7
 7
 7
 7
 7
 7
 7


# name: serialTime
# type: matrix
# rows: 219
# columns: 1
 734738.8328009259
 734738.8402777778
 734738.8472222222
 734738.8541666666
 734738.8611111111
 734738.8680555555
 734738.9097222222
 734738.9166666666
 734738.9236111111
 734738.9305555555
 734738.9375
 734738.9583333334
 734740.6245601852
 734740.6388888889
 734740.6527777778
 734740.6597222222
 734740.6666782408
 734740.6736111111
 734740.6805555555
 734740.6875
 734740.7013888889
 734740.7083449074
 734740.7152777778
 734740.7291666666
 734740.7361111111
 734740.7430555555
 734740.7569444445
 734740.7777777778
 734740.7847222222
 734740.7916782408
 734740.8055671296
 734740.8194444445
 734740.8333449074
 734740.8402777778
 734740.8472222222
 734744.6939583333
 734744.7013888889
 734744.7083333334
 734744.7152777778
 734744.7222222222
 734744.7291666666
 734744.7430555555
 734744.75
 734744.7569444445
 734744.7638888889
 734744.7847222222
 734744.7916666666
 734744.7986111111
 734744.8055555555
 734744.8125
 734744.8194444445
 734744.8263888889
 734744.8333333334
 734744.8402777778
 734744.8611111111
 734744.875
 734744.8958333334
 734744.9166666666
 734744.9236111111
 734744.9305555555
 734744.9444444445
 734746.6388888889
 734746.6458333334
 734746.6527777778
 734746.6597222222
 734746.6666666666
 734746.6736111111
 734746.6805555555
 734746.6875
 734746.6944444445
 734746.7013888889
 734746.7083333334
 734746.7152777778
 734746.7222222222
 734746.7291666666
 734746.7361111111
 734746.7430555555
 734746.7638888889
 734746.7708333334
 734746.7777777778
 734746.7847222222
 734746.7916666666
 734746.8055555555
 734746.8263888889
 734746.8333333334
 734746.8402777778
 734746.8472222222
 734746.8541666666
 734746.8611111111
 734746.8680555555
 734746.875
 734746.9027777778
 734746.9166666666
 734747.7222222222
 734747.7291666666
 734747.7361111111
 734747.7430555555
 734747.75
 734747.7569444445
 734747.7638888889
 734747.7708333334
 734747.7777777778
 734747.7916666666
 734747.8055555555
 734747.8194444445
 734747.8333333334
 734747.8402777778
 734747.8472222222
 734747.8541666666
 734747.8611111111
 734747.8680555555
 734747.875
 734747.8888888889
 734747.8958333334
 734747.9166666666
 734747.9305555555
 734747.9444444445
 734700
 734700.0138888889
 734700.0208333334
 734700.0277777778
 734700.0416666666
 734700.0486111111
 734700.0555555555
 734700.0625
 734700.0694444445
 734700.0763888889
 734700.0833333334
 734700.0902777778
 734700.0972222222
 734700.1041666666
 734700.1111111111
 734700.1180555555
 734700.125
 734700.1319444445
 734738.6805555555
 734738.6875115741
 734738.6944444445
 734738.7013888889
 734738.7083333334
 734738.7152777778
 734738.7222222222
 734738.7291666666
 734738.7361111111
 734738.7430555555
 734738.7500115741
 734738.7569444445
 734738.7638888889
 734738.7708333334
 734738.7777777778
 734738.7847222222
 734738.7916666666
 734738.7986111111
 734738.8055555555
 734738.8125
 734738.8194444445
 734738.8263888889
 734738.8333333334
 734738.8402777778
 734738.8472222222
 734738.8541666666
 734738.8611111111
 734738.8680555555
 734738.6875
 734738.6944444445
 734738.7013888889
 734738.7083333334
 734738.7152777778
 734738.7222222222
 734738.7291666666
 734738.7361111111
 734738.7430555555
 734738.75
 734738.7569444445
 734738.7638888889
 734738.7708333334
 734738.7777777778
 734738.7847222222
 734738.7916666666
 734738.7986111111
 734738.8055555555
 734738.8125
 734738.8194444445
 734738.8263888889
 734738.8333333334
 734738.8402777778
 734738.8472337963
 734738.8541666666
 734738.8611111111
 734738.8680671296
 734738.875
 734738.6805555555
 734738.6875
 734738.6944444445
 734738.7013888889
 734738.7083333334
 734738.7152777778
 734738.7222222222
 734738.7291666666
 734738.7361111111
 734738.7430555555
 734738.75
 734738.7569444445
 734738.7638888889
 734738.7708333334
 734738.7777777778
 734738.7847222222
 734738.7916666666
 734738.7986111111
 734738.8055555555
 734738.8125
 734738.8194444445
 734738.8263888889
 734738.8333333334
 734738.8402777778
 734738.8472222222
 734738.8541666666
 734738.8611111111
 734738.8680555555


# name: datLat
# type: matrix
# rows: 219
# columns: 1
 33.204432
 33.204432
 33.204432
 33.204432
 33.204432
 33.204432
 33.204849
 33.204849
 33.204432
 33.204849
 33.204849
 33.204849
 33.204849
 33.204849
 33.204849
 33.204432
 33.204432
 33.204432
 33.204432
 33.204432
 33.204432
 33.204432
 33.204849
 33.204849
 33.204849
 33.204432
 33.204849
 33.204432
 33.204849
 33.204849
 33.204432
 33.204432
 33.204432
 33.204432
 33.204432
 33.204849
 33.204849
 33.204849
 33.204849
 33.204432
 33.204849
 33.204849
 33.204849
 33.204432
 33.204849
 33.204849
 33.204432
 33.204849
 33.204849
 33.204432
 33.204432
 33.204432
 33.204849
 33.204432
 33.204432
 33.204432
 33.204432
 33.204849
 33.204849
 33.204849
 33.204849
 33.204432
 33.204432
 33.204432
 33.204432
 33.204432
 33.204432
 33.204849
 33.204849
 33.204432
 33.204849
 33.204849
 33.204849
 33.204849
 33.204432
 33.204432
 33.204432
 33.204432
 33.204849
 33.204849
 33.204849
 33.204432
 33.204432
 33.204432
 33.204432
 33.204849
 33.204432
 33.204849
 33.204432
 33.204849
 33.204849
 33.204849
 33.204849
 33.204432
 33.204849
 33.204849
 33.204432
 33.204849
 33.204849
 33.204849
 33.204432
 33.204849
 33.204432
 33.204432
 33.204432
 33.204849
 33.204849
 33.204849
 33.204849
 33.204432
 33.204432
 33.204432
 33.204849
 33.204432
 33.204849
 33.204849
 33.204849
 33.472767
 33.489017
 33.496518
 33.504018
 33.519018
 33.526101
 33.533184
 33.540685
 33.548185
 33.555268
 33.562768
 33.569851
 33.577768
 33.584852
 33.592352
 33.598602
 33.601935
 33.606518
 33.204432
 33.204432
 33.204432
 33.204432
 33.204432
 33.204432
 33.204432
 33.204432
 33.204432
 33.204432
 33.204432
 33.204432
 33.204432
 33.204432
 33.204432
 33.204432
 33.204432
 33.204432
 33.204432
 33.204432
 33.204432
 33.204432
 33.204432
 33.204432
 33.204432
 33.204432
 33.204432
 33.204432
 33.204432
 33.204432
 33.204432
 33.204432
 33.204432
 33.204432
 33.204432
 33.204432
 33.204432
 33.204432
 33.204432
 33.204432
 33.204432
 33.204432
 33.204432
 33.204432
 33.204432
 33.204432
 33.204432
 33.204432
 33.204432
 33.204432
 33.204432
 33.204432
 33.204432
 33.204432
 33.204432
 33.204432
 33.204432
 33.204432
 33.204432
 33.204432
 33.204432
 33.204432
 33.204432
 33.204432
 33.204432
 33.204432
 33.204432
 33.204432
 33.204432
 33.204432
 33.204432
 33.204432
 33.204432
 33.204432
 33.204432
 33.204432
 33.204432
 33.204432
 33.204432
 33.204432
 33.204432
 33.204432
 33.204432
 33.204432


